"y" "x1" "x2" "x3"
10.9312964171461 0.269240252777423 1.89686496538687 2.25453607386766
3.99078772666625 1.70770808550859 0.126487830618366 7.18634770723623
5.26347544894322 1.35649582626058 1.47190211787362 0.994401144137579
1.41009767148087 0.767483846666789 1.90004736606996 0.364901771419352
-15.507924702114 0.739955742953945 -2.64003589098835 4.79563340989801
-0.0409316883387962 -0.185830187626711 -4.14905340119023 -2.50350995675269
9.12392383499138 -0.163387206082215 0.108766654559153 8.20887103538686
6.65874919409856 -0.926478557798801 -1.70672369532334 -0.792702711109104
16.6443666735176 -1.97718361104412 4.46895386337304 -0.532676577659072
3.02315299675986 -2.0314103132287 -0.741459728207374 9.67301834894908
14.5580896087942 -0.68131067109313 3.9988624421453 -0.805348264678449
1.8919988871718 0.217735945281637 1.92537974693327 -0.710619277691988
22.7750679873946 -1.84059354369415 3.46006287170937 -0.645659287552182
7.32052637885448 -0.621060580127103 -0.734900998203969 0.520648129665156
-1.4769785679756 -0.269434725584511 0.0400157865835029 -3.81020261927767
14.9087672293065 -0.293096887980159 2.62650654600075 -3.28495614732671
2.70031780015977 -1.47151123111893 -2.45307295172549 4.08103794409693
11.1912128505139 2.07353121234227 -0.746479521617659 2.24224094798778
0.716948302566691 -0.573538211739041 0.501481644740014 -1.9072283820327
3.25710020664938 0.339872685330064 -1.82166876534419 1.11320639809709
-3.61834098590202 -0.835927566515633 0.455728157627875 -11.1440194005943
21.4063786363899 1.8171697775652 2.89215549435903 -0.545011164287831
1.43082081788813 -0.881447752461437 0.780954589671276 1.51306803532014
5.67424396435401 -1.88608604558952 3.2101793104927 0.271917877645571
2.65236741807299 -0.803448846618971 0.111593330613755 3.4329134106689
-1.75607074913834 0.183217531642025 1.68540125707435 -4.9585482415118
-4.40544407818535 1.50945409455594 -0.728207389024795 2.96664976385925
1.49819874635726 0.819598798647752 1.78870575448 2.09963384496494
4.27870412770202 -0.0430041523620818 0.674321487929823 -0.310357638324412
1.15454063795714 0.644471101507538 -0.290250793536942 6.61895944246805
-0.0176551272077567 0.338308760664845 -0.683356105118577 -1.01416463333998
6.04218266956244 0.659507051129508 -0.643596290306196 3.76664237444759
13.1591482789225 -0.657795330297334 2.48532361015006 5.05052310925288
-0.25925252424616 -0.0997397562420272 -3.1870105608065 -6.9283149516359
0.557351360869197 -1.47159722762868 -0.271892832567162 -3.40471135997608
2.0063284054909 0.157176652594318 1.00644760772273 -5.627408486456
-5.87730290571819 0.225202409384698 -0.387499831109042 -6.97145007007754
8.38673150527426 1.70332543832055 0.695851994030212 9.61192565335936
-15.9280069075052 -0.878920960071701 3.43827812349746 1.00170619364423
14.0181985257516 -2.12832541182571 0.243992755003213 5.4705643498882
-8.25285377057742 1.16557021334139 -2.65689593072346 2.63579901528638
0.739371362605101 -2.22988069615955 -1.41437332560148 -6.25352864457933
-4.6036587976219 -0.389293758377313 2.0956411049206 -6.07983285713951
3.40854834779266 1.5407618030535 -0.638634432661449 -0.192495108400443
0.72651939301116 1.2347758703327 -0.504403431769537 0.960781837461617
4.58176744169683 0.775170175243724 2.31593824846183 2.43160782785715
3.16148802043974 1.25895618608008 0.0933194206052284 6.76754666944527
3.41169504338549 2.00533259755018 0.665188205899489 5.20606726963596
1.48800171708822 -0.981313978992212 -0.27322834581494 0.255512059960133
17.4929704418146 0.133126361420316 -1.70068377184218 8.52161601946136
2.59877252573391 -0.491552723130095 1.34953071384482 -1.37045007002455
12.5645480252101 -0.61000835684178 -5.36422441592821 1.05312319597556
11.1172613979523 -0.18518993447024 2.09283423754167 1.20107501729779
-6.83635118832173 -0.00297327319979593 -1.25733821262037 -6.91919487046975
6.35939333106403 0.458027404634806 1.51092916441187 6.76613337665725
-7.13302123679212 0.593227827024402 1.20663996644933 -7.37769650941761
-4.87325754218031 0.816106221816903 2.0867255861768 2.52221074831289
-0.366979619098772 1.13736194188628 -1.55720738896717 -3.54480004607775
5.31371053442278 -0.25890199088638 2.88303026673227 1.72836343067042
6.72087978706248 1.12068845577047 -2.90822663194928 3.98873089369073
13.0283676169296 -1.53711751054883 -3.39288656727569 2.42539128436948
0.858852592110169 0.367496222691645 -1.27347325594246 7.19885764344312
7.14972307078165 0.304869266190704 0.425738654221955 5.01943881973427
-0.763626062825677 -1.0760818187802 -0.0929789109431071 -5.74780444615931
9.30631553576434 0.774270569811383 3.38302955890402 1.9217052620118
4.18380471000781 -0.518213931189565 0.368953344937102 3.26660681456388
3.69323413178752 -1.49624119609164 -0.49662470543422 5.46463376117263
-1.25746317692407 0.229556936872341 -0.187342573457322 -1.95011115368604
-8.65444427657295 -0.970522770745517 -4.11887351324658 5.17942513033896
-18.1887050520938 -0.944237662558372 -2.13470359015037 -7.26561293488257
-9.06211630065794 0.00766490792892476 1.40704859402127 -8.01533560347032
-0.510984076244982 -0.158764768394319 0.255240908915823 -2.80313561050159
-2.39400796109747 0.547797306930576 3.6416667911259 -8.56607845757314
-6.99621933624726 -2.48800609903664 0.293063753841533 0.571845099592373
-2.5933663228988 0.0306109929646585 -0.520744303937371 -1.78694556619217
-4.64065290601469 -0.952407382070342 2.70199763994762 -1.19200003851236
-8.1691899959765 -0.617655054379252 0.0168559763450787 -14.7914988776263
-6.31810329365701 -0.600183843561536 -1.28374018187361 -1.33435187312967
-0.340989791664153 -0.164014701037664 0.776866383198929 -6.13629975662441
-8.10485917285344 0.0701204789194012 -2.42017457087416 3.9035493683938
7.93758417159541 1.4413346438356 2.74315356209014 1.89267791286542
1.07307050996174 -0.492690337730071 -0.392790292694152 -3.02855828971877
24.7913095708827 1.79234090676914 3.27863874456004 3.68381569327091
-4.48017511619458 1.56609241980087 -3.45542140986102 5.95849139893029
-2.79885587699982 0.956294504739664 0.49476723996876 0.0829159687334594
-14.5041188158462 -2.33436952991092 -3.32610087774747 0.144676562981607
-5.09682272307958 0.473720261333022 0.14350185560597 -7.05011023087478
6.04733852955235 -0.940965477572968 0.430368195390841 3.96570222581074
-9.34375070638831 0.254779545330968 -3.35320143296848 -0.0665437703789389
3.76841124218984 0.344941378728162 -0.145213965084991 3.57387066059359
2.80503936300475 -1.17329069754041 -0.640993840093038 -0.879178476170927
5.14370869619525 -1.49047678899791 0.0534288555525852 3.96360826260701
-12.3724878592249 0.994833139031834 -2.11786907837772 0.301147776628657
-6.32858964340686 0.80285419983913 -1.48180432428649 -2.98916833732495
0.777860344004538 0.246130855010903 -1.81562656431926 1.28760174392149
3.64748258359069 -1.31247326059075 1.13154372306574 6.59319422237628
8.01695951781135 -1.40141275222073 0.519163384578109 2.52073740222741
16.2600158658562 -1.6136823701086 0.899755804374929 1.92939022882833
2.68121402847717 -1.04779769566748 -1.8521361726738 1.15140700582214
4.66946478107036 -0.961468280937416 3.69545316182474 2.41234888280357
-1.01196229488135 0.219510454622592 -0.573488287280988 -1.46138109196396
-5.65724547476099 1.75000352222985 2.65796459511271 -3.14273976212865
-2.04948775122127 -0.839368589116625 0.25030121682855 -4.98976760459999
-8.51687592239915 0.418631221928238 -1.1133980771046 -8.6788156227299
7.20111469257431 -0.00866126755594016 -0.0344764933348745 6.72894862859556
0.340849493051044 0.375277882828371 2.65401972206342 1.26298858405606
2.97382060627647 -0.873100882378333 -3.68009758172614 8.08800838207738
3.42697093204629 -3.32455573554168 -1.87849297953526 -5.03684012502677
3.79948031924848 -1.34490938473282 -2.04863772688779 2.09731348511453
-1.74405321920534 1.14614475539359 1.1391948785128 0.344836247107683
11.3447649356626 -0.150181402048501 -1.54923661527441 4.6298197809262
10.1629596138454 0.142464303804113 -1.02393174458635 13.5448216359896
-2.6874356005679 1.10771650904394 -1.038137000559 5.46249540038109
-23.286415342514 0.952053629696186 2.45697100500939 -5.50192599656404
9.31464970623092 1.14714979946121 -0.694555706676645 8.95055950322038
-17.7222433259411 -0.265388382770466 -1.97624901271309 -0.754627858624176
-0.457265621905888 1.28300898412475 2.87345434959565 -0.698802403838201
-5.26424826798188 0.870787363383008 -1.70308773820117 0.831605476690994
-5.19110500428316 0.0231639638157955 2.25350522261791 -9.13515435112709
0.325764290617239 -0.853848891386948 0.749797445914329 0.694622450680446
18.7371539783297 0.589367513368962 2.14356967285055 3.71197689385213
-2.2745011136734 -0.211739499939496 -0.875378929449844 -0.84784909124502
-2.81248334760014 0.260726254487028 2.97788301342276 4.44000550749111
-6.34757402579846 -0.360450300002238 -3.25864084658298 4.23131303959867
15.3321893115029 1.09875372373004 3.21749642233689 6.79216061313989
0.0421904430397122 1.05523252346799 -1.78820660253428 3.67410491612246
2.50576836223913 1.20805217048801 1.54445992817328 0.68218795363043
0.0758761756490576 1.13023328033041 -1.42491347062551 4.4890310647518
-5.80752363592268 1.01366921262955 -1.81767542631024 -0.263985398454481
0.462958042965806 0.0309577680971582 -0.819634265884691 -1.52152078218502
5.50578498400948 0.121823090025867 0.997639040545824 4.43204378903226
-8.85702770496943 -1.53731298177439 -3.66951327945541 0.691398032284001
-10.8638374918629 0.0917122224827611 -1.75558589308677 -9.4478879137778
19.6590999454585 0.88403422685466 3.5145010016458 1.13045000384205
3.84096287316243 -0.302448360366072 0.322737171798397 5.24360026003281
12.5464744831128 0.138919688605774 2.5811566832359 2.27614546508115
-6.36935222335256 -0.677715546978807 1.59155038480657 -1.65757052599687
-0.346297355176684 0.242233274086378 0.348025406003827 -3.69261538779288
-34.1193864957265 1.18283630506506 4.01291330215482 -5.93456939094398
5.69248722340861 -1.80243041442447 -1.5415090077062 10.6058999896256
7.13620017682243 -0.945816545055511 -5.69482922842219 1.43240024583552
-4.91776110440407 0.543012553188993 -0.492112609548817 -4.51014167945312
7.64575348971019 0.00903737054835415 -1.2149768791625 0.077307069208199
-7.07402144702627 -0.257490807393791 -2.090713816985 -5.58988782061959
-8.89926443075604 -1.70277368078265 0.0787291289720674 -3.85019123003114
17.3370957332533 -0.947542205682675 -2.53954269712692 0.33919111583894
-3.60988914372328 0.629794086500855 -0.522940799384635 -3.04191472584417
-10.6976725367042 -0.232051830653107 2.4923281122205 -2.55110062529287
-5.30137628952533 0.771197217811852 0.233329957885346 -3.51622029392027
15.6608208972914 0.490381155414951 -1.53823413769623 7.1949219031481
-0.510515032527911 -0.571743856962008 -0.829601007141018 -2.90905888898258
20.9190701139349 0.417273395831048 3.44349887887154 4.7201481661996
8.90603054911393 0.239537917086203 2.1557002787563 6.77035097843386
-5.74290811027311 -0.29881542504572 0.376719909209896 -6.81036917374601
1.85539007571263 -0.539142364754428 0.697219943938734 2.07053604317284
6.90369215518434 -1.94347416440175 -0.152643666143962 -1.33358437337966
-3.90550391789802 1.29345935813587 0.701555574330554 -0.140408443199368
14.6608359615141 0.531291743190116 3.96784659305709 -1.84251638735989
-4.50743623855871 0.471760881039022 1.59775021596159 0.249937797417616
5.46330902320594 -0.113891583690729 0.928971419758885 5.08988854872344
5.74667120130647 -1.57309540608697 0.976249466781285 2.28477336063129
-2.66509453375778 -0.559018132287226 0.543161604457935 -6.66338790323243
1.50888955172337 -0.798765317641926 0.348659461671336 5.03189112812604
2.95653475960837 -1.41506314148917 1.18746130936309 0.0340087884798113
-8.35307150170617 0.358916652651515 -1.23953290662595 -0.666295845119941
-13.6169450085422 0.32250175177548 -2.03470107331619 -4.29613881794489
13.6889712663187 2.28605464868087 0.511564137783682 7.73419266033556
-3.33395416386037 -3.22170093257938 -0.0211911689903526 1.07937820929548
4.60789336336874 -1.21187593174423 -0.124289422388381 3.97912813938421
-8.97159487123439 -1.26168652043577 3.54505728788499 3.18540291238004
2.54162789140547 1.01648969054023 -0.221373855683169 5.3484798940499
2.90120223685605 -1.12389076151253 -1.69375874659813 -2.00143446647933
1.84602445097401 -0.974358943258145 -0.567168986796756 4.28470685141041
11.6037325386453 1.10066792277809 -1.51814705548125 5.45236582677222
3.88079595745265 -1.49351429918712 1.48179937025692 3.84599498989816
3.61667929166622 -1.09763312060966 -0.342329314456335 0.258209300669031
4.69208892866998 -0.487778607109608 2.174638526671 4.79005617877824
12.386681514493 0.542746739641433 -0.839727563826861 12.952793117778
3.35777292424854 0.325950678449825 0.265875307127508 -0.144704440638974
-0.747565923223079 2.15454341866163 -1.68510789012525 1.86469014344998
7.99141297957391 -1.49599229686562 -0.501316144945379 2.01872845141717
4.85694521369436 -0.353542907835068 -1.14664720864121 1.38000707162961
-3.1215408465127 1.39713413877987 1.20706397293552 -6.26196653920979
0.72716003629255 -0.719447064892633 -3.96032036749761 -5.70327075554528
2.73173884962084 0.151587162625681 1.25831738317581 2.66189648985578
8.11452525171799 -0.271955893809728 -1.83116839382426 -2.05366249526891
0.433584766950019 0.392552732559781 -1.88772806199479 0.874831477632312
-4.88056416247637 1.87346672491428 -1.31754668765502 -3.52256824312751
6.22541546181573 -0.215554321665674 1.64090588966599 6.05282036076906
2.67310320350584 -1.72415156432254 -0.0363189631433777 -1.77457091063901
5.48697725050776 1.66464939870521 1.39791485649223 1.95081917963556
7.59213308243286 -1.62268254735229 1.09590870146607 -2.35401903377337
-7.06089912961788 0.362230925432578 -0.851987702429685 -5.19931389010273
-6.32102942471725 -0.112754290882012 -0.180712672518346 -10.4462860427436
2.50123154980729 -1.32563384843235 -0.14461278401975 -4.26317500637606
0.062234254139542 0.187297401291023 -1.25963506883494 -3.21814455465335
6.36219003321705 -0.0267279590635639 2.22943009924785 4.84003467638314
3.8823201655851 0.984903027434614 0.0948425403651553 1.76098869723631
2.24321655851805 0.97906745994467 -1.25308083823865 6.37713986004466
-1.11155636204369 -0.784684781498194 -0.938687087361366 -1.35343837451647
7.31647999521059 0.0118955962193261 0.970668090305047 7.67553694014485
5.08279599931733 -0.086810732538785 1.22454600747511 5.43159474792142
0.261407461534123 1.29929481839763 1.01070289598687 -3.96392153370079
-0.300632299621646 2.26090146850866 0.228826973900823 1.78039183498923
2.99312590092648 2.06134143217113 0.939706075078328 -0.96156790493177
-4.79650447212271 -2.5617848086353 3.21844641231165 -4.40967155422414
9.02234882809252 0.6579924182601 2.67724125912628 0.169504838875368
-7.2542503562519 -1.42168547469543 3.94803994511128 2.57507223350621
1.08620421395127 0.0351114716441835 -1.66834076113712 -2.3967006584268
-0.306850247051945 -0.553297508631711 -2.09151698792724 2.59549465616464
-1.322660063704 -1.08614788047155 1.68783692403135 -4.88664363296918
1.21786437847379 0.198496413071811 -1.658066526009 4.2325345017087
6.43390522300113 1.30427548749851 0.76332246865795 0.519282220145841
-1.15984147283533 0.498909141090964 3.37128240806376 0.917456869165105
-10.2435727562429 0.266411527934039 -0.550720197888189 -4.55347633832854
1.65382348777683 -0.0900082030305828 0.25761294628134 0.455554314841457
-8.17274205329454 0.799095511972662 -2.26332715170754 -6.64959179369008
17.2092890192266 -1.886440039031 0.223603046595391 7.79254628723925
4.15370528981505 0.774732593991403 0.316201089100555 8.46906321467919
14.0533097901998 1.97279482022678 1.36291947886962 -1.25823726183636
0.625173714571772 -0.453722125683894 0.923003559888478 -2.02814290983497
-14.9770727791336 2.58061021515592 -0.940538959823269 -0.0449744856422625
-12.4007274832782 -0.529419061536946 -1.34716348989324 2.28241484754276
-6.70808883427333 -0.170892188638576 1.20680094768668 -6.03510607564529
0.624818381754467 -0.608859417659367 2.67580944824678 0.471061803207111
10.6318998471721 -0.754203843012976 2.03119370079835 -5.65920391060258
-2.33691919336625 -0.383717808126649 -2.46228778554782 -3.35566036806638
-4.46886348949546 0.861584046546282 -1.4272553203441 -0.283488770902032
0.0218279323992023 -0.0370380955501015 -0.725878588159887 -4.11200349330604
-8.43484827404493 0.00520961799859215 -1.40178332280434 -8.91500340277292
1.18052558592118 1.48683825128253 -2.16449127413681 4.00167193983449
-0.500523449599544 -0.798757249054413 -2.11219749809888 1.66649334898768
5.0596215955083 -0.808080936106581 -1.41111459593517 3.3520572624452
6.23630578436986 -1.0824341227274 -1.38318277269511 0.741239800103058
4.25462749264216 0.575853325185496 -0.525363515761457 1.9184910584659
0.236901638050859 -1.14487601854817 -4.71122673226908 1.58518762360471
-11.1579526503729 2.80547053484852 0.765788775721253 -4.89009741282939
6.58002088797677 1.15800214668859 -0.260856504462479 5.60940853744049
-4.89325633372026 0.864348556963137 -3.12222073968594 6.41406430722674
3.13678952464524 -0.451440183532442 -0.847623170113326 -0.245101154159843
2.50816973883312 -0.143666973134647 1.65275785927424 2.57621225567178
-20.164895349202 0.966561597048494 1.92022001550398 -8.33074890409842
-10.4637365026942 2.27710899063445 -1.41914470798429 2.36411361773264
-13.9163325584175 0.221898755771474 1.97658417159607 -8.58569869824686
-13.7069579628735 -1.35681899400234 -0.505527342579089 -9.72451215960654
5.53479325103154 0.86139092002867 -0.820216687502003 -1.9145823729888
-3.55188545926592 -0.84428033148975 -2.08168266094833 -0.948453462643397
-4.82599503570986 1.17604789500158 -0.619991158793705 -7.5345018163379
7.90676411034887 0.565835327464862 2.2015900342914 -0.428709497221627
-3.21114838516426 -0.80404829366499 -2.00621473284258 -2.99158318517895
